Ciudad,Barcelona,Valencia,Sevilla,Zaragoza,Málaga,Murcia,Bilbao,Alicante,Córdoba,Valladolid,Vigo,Gijón,Hospitalet de Llobregat
Barcelona,,303.0,831.0,256.0,770.0,471.0,469.0,407.0,711.0,576.0,908.0,686.0,7.0
Valencia,303.0,,541.0,246.0,468.0,177.0,473.0,125.0,421.0,441.0,766.0,632.0,297.0
Sevilla,831.0,541.0,,646.0,158.0,433.0,703.0,495.0,121.0,486.0,588.0,685.0,824.0
Zaragoza,256.0,246.0,646.0,,628.0,408.0,246.0,368.0,535.0,320.0,652.0,444.0,250.0
Málaga,770.0,468.0,158.0,628.0,,323.0,739.0,391.0,133.0,549.0,716.0,766.0,763.0
Murcia,471.0,177.0,433.0,408.0,323.0,,606.0,69.0,320.0,510.0,800.0,726.0,465.0
Bilbao,469.0,473.0,703.0,246.0,739.0,606.0,,583.0,618.0,232.0,486.0,223.0,465.0
Alicante,407.0,125.0,495.0,368.0,391.0,69.0,583.0,,379.0,515.0,821.0,722.0,401.0
Córdoba,711.0,421.0,121.0,535.0,133.0,320.0,618.0,379.0,,419.0,589.0,634.0,704.0
Valladolid,576.0,441.0,486.0,320.0,549.0,510.0,232.0,515.0,419.0,,337.0,224.0,570.0
Vigo,908.0,766.0,588.0,652.0,716.0,800.0,486.0,821.0,589.0,337.0,,289.0,902.0
Gijón,686.0,632.0,685.0,444.0,766.0,726.0,223.0,722.0,634.0,224.0,289.0,,681.0
Hospitalet de Llobregat,7.0,297.0,824.0,250.0,763.0,465.0,465.0,401.0,704.0,570.0,902.0,681.0,
